"AAACATACAACCAC.1"	"AAACATTGAGCTAC.1"	"AAACATTGATCAGC.1"	"AAACCGTGCTTCCG.1"	"AAACCGTGTATGCG.1"	"AAACGCACTGGTAC.1"	"AAACGCTGACCAGT.1"	"AAACGCTGGTTCTT.1"	"AAACGCTGTAGCCA.1"	"AAACGCTGTTTCTG.1"	"AAACTTGAAAAACG.1"	"AAACTTGATCCAGA.1"	"AAAGAGACGAGATA.1"	"AAAGAGACGCGAGA.1"	"AAAGAGACGGACTT.1"	"AAAGAGACGGCATT.1"	"AAAGATCTGGGCAA.1"	"AAAGCAGAAGCCAT.1"	"AAAGCAGATATCGG.1"	"AAAGCCTGTATGCG.1"	"AAAGGCCTGTCTAG.1"	"AAAGTTTGATCACG.1"	"AAAGTTTGGGGTGA.1"	"AAAGTTTGTAGAGA.1"	"AAAGTTTGTAGCGT.1"	"AAATCAACAATGCC.1"	"AAATCAACACCAGT.1"	"AAATCAACCAGGAG.1"	"AAATCAACCCTATT.1"	"AAATCAACGGAAGC.1"	"AAATCAACTCGCAA.1"	"AAATCATGACCACA.1"	"AAATCCCTCCACAA.1"	"AAATCCCTGCTATG.1"	"AAATGTTGAACGAA.1"	"AAATGTTGCCACAA.1"	"AAATGTTGTGGCAT.1"	"AAATTCGAAGGTTC.1"	"AAATTCGAATCACG.1"	"AAATTCGAGCTGAT.1"	"AAATTCGAGGAGTG.1"	"AAATTCGATTCTCA.1"	"AAATTGACACGACT.1"	"AAATTGACTCGCTC.1"	"AACAAACTCATTTC.1"	"AACAAACTTTCGTT.1"	"AACAATACGACGAG.1"	"AACACGTGCAGAGG.1"	"AACACGTGGAAAGT.1"	"AACACGTGGAACCT.1"	"AACACGTGGCTACA.1"	"AACACGTGTACGAC.1"	"AACAGCACAAGAGT.1"	"AACATTGATGGGAG.1"	"AACCAGTGATACCG.1"	"AACCCAGATCGCTC.1"	"AACCGATGCTCCCA.1"	"AACCGATGGTCATG.1"	"AACCGATGTTCTAC.1"	"AACCGCCTAGCGTT.1"	"AACCGCCTCTACGA.1"	"AACCTACTGTGAGG.1"	"AACCTACTGTGTTG.1"	"AACCTTACGAGACG.1"	"AACCTTACGCGAGA.1"	"AACCTTACTAACGC.1"	"AACCTTTGGACGGA.1"	"AACCTTTGTACGCA.1"	"AACGCAACAAGTAG.1"	"AACGCATGACCCAA.1"	"AACGCATGCCTTCG.1"	"AACGCATGTACTTC.1"	"AACGCCCTCGGGAA.1"	"AACGCCCTCGTACA.1"	"AACGCCCTGCTTAG.1"	"AACGCCCTGGCATT.1"	"AACGTCGAGTATCG.1"	"AACGTGTGAAAGCA.1"	"AACGTGTGGCGGAA.1"	"AACGTGTGTCCAAG.1"	"AACGTGTGTGCTTT.1"	"AACTACCTTAGAGA.1"	"AACTCACTCAAGCT.1"	"AACTCACTTGGAGG.1"	"AACTCGGAAAGTGA.1"	"AACTCGGAAGGTCT.1"	"AACTCTTGCAGGAG.1"	"AACTGTCTCCCTTG.1"	"AACTTGCTACGCTA.1"	"AACTTGCTGGGACA.1"
"MALAT1"	49	142	171	11	22	157	90	47	55	30	42	95	75	101	132	45	6	33	12	69	122	37	98	39	39	54	49	101	64	258	101	88	46	10	40	69	43	147	13	46	160	108	94	92	43	130	95	42	183	36	72	116	8	93	52	78	103	52	10	59	30	29	105	147	33	36	116	44	55	33	81	62	83	85	66	69	53	91	91	45	43	104	80	25	75	32	58	14	62	102
"TMSB4X"	47	62	117	114	21	38	26	21	23	30	61	49	45	57	17	12	39	24	97	87	122	10	28	21	84	14	25	44	148	30	40	123	19	5	120	37	46	20	56	65	31	42	23	62	36	34	28	42	54	48	30	121	21	68	144	39	31	20	54	76	79	56	63	37	27	122	30	161	54	56	28	62	58	44	13	40	32	30	23	34	52	39	29	76	37	36	52	51	28	46
"B2M"	76	75	69	41	35	57	44	53	40	33	63	26	41	69	24	12	24	33	53	65	118	10	57	19	28	26	13	33	54	42	70	79	19	9	26	47	87	33	18	70	71	63	46	128	16	44	38	51	43	35	67	49	0	106	77	76	49	28	22	72	75	80	29	27	46	35	43	78	58	73	34	73	88	85	16	51	101	47	23	47	57	39	36	17	47	22	50	16	54	16
"RPL10"	34	92	49	22	8	49	36	37	14	6	69	40	26	33	15	17	18	13	69	37	70	22	49	21	35	34	24	48	74	47	32	32	8	7	42	16	26	52	34	32	48	26	43	61	32	50	27	16	43	19	38	37	8	38	30	60	33	56	21	51	42	49	58	32	15	11	31	40	21	56	59	40	41	17	26	15	17	34	31	27	17	45	27	31	42	42	42	33	43	26
"RPL13"	29	45	16	15	4	18	32	38	11	4	53	37	34	26	13	18	9	8	41	36	50	42	51	10	22	28	20	48	69	47	35	24	55	11	21	7	13	49	22	18	43	23	25	29	33	37	31	20	62	13	55	14	6	28	24	37	22	40	28	34	45	31	37	45	3	14	23	32	27	48	50	34	52	7	15	19	9	37	31	18	27	37	22	30	15	5	29	33	38	19
"RPL13A"	37	81	40	16	1	29	33	13	17	6	98	56	29	18	11	15	13	10	42	44	84	19	47	14	18	41	23	49	58	52	40	24	12	15	61	11	18	37	28	12	33	22	31	46	46	34	37	25	35	17	38	18	4	23	20	29	30	43	21	26	39	27	48	40	7	14	36	29	29	37	45	59	34	10	19	17	18	48	34	27	18	38	9	21	21	11	26	21	37	18
"FTL"	12	10	8	78	18	11	5	5	0	44	4	4	9	52	3	2	55	3	142	9	17	7	7	5	113	11	3	7	163	39	4	89	4	3	69	6	82	3	165	133	4	4	4	9	1	9	5	4	5	69	6	119	54	220	121	10	6	6	86	2	98	100	8	8	4	110	5	169	1	7	5	10	5	3	1	5	4	10	11	1	6	12	80	52	6	33	7	50	12	2
"RPS2"	44	97	30	17	4	17	16	18	5	6	55	29	30	20	14	16	10	10	51	28	57	8	42	29	31	25	11	26	76	25	30	17	10	25	37	6	55	27	66	13	24	26	24	58	34	37	19	7	41	8	25	13	6	25	38	22	18	30	24	46	34	34	39	40	5	7	15	23	37	31	53	33	39	4	7	5	6	23	24	13	13	24	19	23	10	10	25	20	26	31
"RPS6"	36	81	22	12	1	24	19	32	10	3	48	80	39	13	11	16	8	11	13	34	54	15	44	11	15	21	23	37	56	38	46	43	5	13	20	9	13	39	20	8	42	19	20	45	41	32	17	13	34	10	31	14	1	30	12	36	23	49	20	33	21	21	40	44	4	4	26	22	26	29	50	23	28	9	55	8	9	60	24	17	9	33	6	16	12	6	30	18	20	20
"FTH1"	2	17	11	98	3	3	3	1	7	51	13	7	10	45	2	5	24	2	100	8	10	4	9	3	34	8	3	2	75	4	6	83	4	2	59	4	100	5	41	95	5	4	17	7	4	17	7	5	13	51	7	113	34	110	148	7	5	7	45	12	67	419	3	5	1	75	6	108	5	11	8	9	4	2	4	8	8	7	10	6	5	3	52	22	10	33	8	32	11	6
"RPS18"	22	60	38	13	3	19	29	8	8	3	42	26	20	16	8	7	4	11	13	47	37	12	51	8	14	43	22	41	59	24	25	9	4	12	26	5	14	44	11	12	40	25	9	41	21	29	16	19	37	10	26	12	4	22	25	29	27	27	20	55	26	22	24	26	3	9	20	17	27	28	33	32	21	8	4	0	12	37	13	25	9	24	29	13	23	5	25	24	16	15
"RPL11"	41	39	24	19	3	14	17	20	4	6	43	33	14	16	7	10	11	10	64	23	47	7	26	9	16	13	37	32	44	36	22	12	9	9	22	7	14	25	26	21	28	48	15	38	31	31	17	14	28	9	31	16	4	31	24	19	18	23	17	24	27	28	51	29	5	9	18	19	19	19	29	18	28	4	6	13	9	27	12	19	12	23	19	15	12	4	15	19	22	7
"RPL32"	17	35	21	20	1	23	16	15	9	9	33	31	32	12	8	11	6	9	34	23	39	17	23	12	15	22	19	26	40	37	25	7	3	1	30	9	16	51	21	18	29	26	16	22	26	28	18	12	40	7	30	11	9	19	17	40	34	28	19	48	27	22	27	27	3	7	27	19	20	27	30	28	25	5	5	6	9	33	15	15	14	28	12	20	13	9	36	22	15	15
"RPS3"	23	29	19	4	6	18	20	15	8	3	34	22	22	15	12	14	4	10	18	23	32	9	29	11	9	22	18	37	48	35	23	18	8	5	22	11	9	26	18	8	29	22	17	27	27	44	17	7	27	9	24	8	1	21	9	25	21	23	7	34	25	18	23	46	5	10	18	15	19	25	29	27	21	9	6	1	18	35	19	13	18	28	13	12	13	4	26	17	22	16
"RPL19"	15	32	36	27	40	11	8	35	11	4	36	14	20	16	8	5	14	7	22	27	35	2	23	10	16	32	17	25	53	30	46	15	6	6	24	56	15	23	20	13	20	43	25	12	60	23	15	11	20	8	36	13	1	21	8	22	12	24	13	28	34	32	31	21	2	5	19	55	12	13	27	16	19	6	8	7	12	25	25	11	12	19	16	16	9	3	13	14	9	10
"RPS12"	37	60	10	15	1	13	13	9	13	2	25	25	16	15	9	12	10	5	17	32	27	5	22	12	8	36	15	42	34	42	19	12	5	3	12	10	7	30	10	17	32	11	59	38	20	46	14	15	45	11	31	6	2	13	8	31	13	20	22	28	14	18	23	33	3	8	25	19	20	25	46	18	20	3	6	22	5	16	16	25	14	38	11	11	11	5	16	24	21	26
"RPLP1"	19	41	23	15	2	17	31	12	14	4	50	17	16	14	5	4	7	15	26	25	26	6	22	7	35	55	11	32	43	17	16	11	9	8	39	6	8	32	24	8	30	21	23	87	17	24	18	10	33	13	33	16	7	19	13	33	19	19	19	32	21	36	25	26	3	7	14	21	16	20	56	27	19	3	10	8	6	28	16	12	14	19	30	18	12	4	24	19	14	11
"ACTB"	17	28	30	14	21	17	3	11	8	0	35	11	15	34	2	2	8	23	55	8	21	3	4	4	23	10	5	9	43	11	6	34	9	4	26	8	28	9	10	38	12	10	12	15	7	10	38	26	7	13	7	47	3	70	129	11	6	17	17	17	24	71	7	2	11	20	12	62	7	17	2	23	14	47	0	4	37	3	5	12	11	18	15	16	7	7	6	12	12	6
"RPL3"	25	24	13	11	3	13	74	12	10	4	43	33	25	33	4	5	6	7	17	26	36	14	23	11	21	23	21	31	28	22	13	16	7	4	20	8	8	39	10	14	35	21	30	59	24	27	22	17	17	4	25	10	2	15	7	27	14	16	7	31	18	12	30	31	3	5	14	21	22	25	40	27	26	11	3	6	16	30	22	13	12	26	7	14	15	5	11	15	22	11
"RPS27"	15	27	30	21	1	21	18	21	13	3	16	16	13	7	15	6	7	3	11	21	47	11	26	19	10	19	13	25	44	37	25	17	6	9	14	13	5	29	5	6	21	16	18	23	19	16	15	14	29	7	22	14	7	21	15	18	15	22	6	25	6	4	33	22	4	5	21	10	20	25	36	36	11	8	18	9	7	29	19	21	11	37	8	4	4	6	18	9	25	27
"RPS19"	22	45	18	13	1	13	13	30	9	10	26	19	19	15	5	4	6	5	49	19	24	9	36	4	5	14	8	38	100	22	26	27	9	11	15	7	5	47	11	37	24	19	18	9	11	26	11	9	16	8	31	27	7	32	43	17	24	35	10	22	15	16	16	16	9	28	12	52	11	24	25	18	29	1	10	10	6	24	11	10	9	17	1	7	6	4	24	9	12	8
"RPS14"	18	26	12	7	1	17	14	10	8	7	27	24	15	12	16	5	5	7	22	22	46	5	20	14	23	13	16	32	30	24	19	17	3	2	16	9	11	21	13	14	33	11	24	19	40	16	12	6	24	9	33	11	4	22	21	17	23	15	10	23	15	17	29	25	3	9	17	13	12	15	24	20	22	6	7	16	36	18	17	14	10	17	13	12	7	6	15	13	15	13
"EEF1A1"	19	34	14	12	1	11	22	22	10	4	42	26	18	9	8	7	6	7	23	17	31	10	23	12	9	20	19	25	36	40	25	22	9	7	23	8	11	23	14	12	26	14	18	26	28	29	13	15	23	17	22	15	2	17	17	18	27	22	11	21	14	20	18	31	10	5	17	12	8	30	30	14	19	3	8	7	7	27	16	4	22	27	9	10	13	2	9	18	18	15
"RPL18A"	18	40	8	16	4	5	11	14	5	3	45	15	15	21	9	7	6	10	23	23	45	12	28	15	8	18	10	22	35	23	10	15	5	8	14	14	4	25	16	10	14	9	19	22	22	15	9	12	17	11	35	11	3	19	19	14	8	33	13	17	17	20	24	34	1	18	16	17	16	20	30	20	25	5	11	5	5	30	20	19	8	24	10	8	10	4	20	14	33	13
"MT.CO1"	25	44	7	12	7	19	10	6	4	6	27	10	7	15	5	3	17	15	28	20	17	10	25	8	23	7	7	13	42	9	12	30	6	4	25	4	21	11	16	20	12	19	18	18	13	19	8	5	4	19	14	24	8	53	27	5	9	23	34	11	29	38	11	10	20	17	7	45	10	14	12	9	17	8	52	19	7	15	9	9	8	8	23	13	17	11	6	13	26	13
"RPL28"	28	37	12	15	1	11	16	15	47	4	31	6	12	15	6	3	11	8	16	23	24	8	20	6	17	7	6	16	68	19	16	18	5	10	15	14	22	31	19	13	32	23	22	17	19	13	13	15	18	9	23	16	3	24	16	17	13	20	22	19	23	30	18	8	5	7	13	25	6	12	20	20	18	4	5	8	4	15	11	15	8	27	14	18	12	7	15	21	11	14
"TMSB10"	6	29	24	19	6	13	5	6	4	11	9	6	11	27	0	2	20	3	28	12	12	4	10	4	12	12	6	14	35	15	17	16	6	3	25	13	20	5	17	13	16	12	0	12	15	13	11	10	11	23	11	26	6	42	15	14	12	10	18	22	19	39	14	14	16	24	17	29	11	14	10	14	5	11	9	7	11	14	5	15	11	19	18	20	1	14	10	10	14	4
"RPS4X"	27	33	11	17	4	15	17	20	6	3	33	26	10	9	28	3	3	0	18	8	45	7	21	8	5	15	14	20	36	33	17	14	9	2	15	1	10	19	9	15	38	10	10	19	22	21	14	4	25	3	26	3	5	11	10	16	16	20	20	14	53	15	20	31	1	0	13	11	12	28	29	12	16	5	2	7	5	17	12	13	10	15	14	3	44	6	15	13	12	13
"RPLP2"	15	33	13	12	1	11	16	13	10	2	28	22	11	25	5	8	3	3	14	15	30	9	16	5	7	8	11	25	23	14	20	8	3	5	6	9	6	18	13	9	21	10	16	12	13	27	8	13	23	5	18	7	2	13	10	13	19	16	14	33	8	23	12	25	1	5	16	22	12	30	19	19	13	3	3	3	7	18	18	18	9	16	11	10	11	3	20	11	15	12
"RPL21"	18	30	11	4	0	11	30	23	8	6	48	16	12	6	7	10	4	7	4	12	23	9	19	22	14	9	17	18	19	29	9	18	5	5	9	3	7	17	6	11	34	14	11	13	13	26	22	4	22	1	24	12	2	16	10	20	30	10	5	15	11	6	39	14	3	12	11	10	16	43	17	18	16	7	3	2	6	29	10	17	13	29	14	3	13	6	12	6	9	11
"RPL15"	8	30	14	13	2	13	10	14	9	1	26	20	13	11	6	7	4	4	21	13	23	14	29	3	20	16	8	17	22	12	25	8	4	7	13	4	9	22	16	3	23	28	21	20	11	13	11	9	18	6	22	11	4	18	8	19	14	28	11	17	39	25	16	16	2	5	8	11	14	13	18	17	12	5	7	4	12	17	16	18	12	23	10	13	12	5	5	12	13	15
"RPS3A"	19	31	11	9	0	12	13	30	3	5	20	15	10	9	6	10	9	5	4	21	35	10	18	15	14	13	20	16	14	26	15	24	0	6	5	4	3	32	5	3	33	4	6	15	9	12	12	11	13	3	21	2	1	10	9	19	28	37	6	23	11	6	23	44	3	2	17	2	20	24	19	18	10	3	5	9	11	17	19	13	7	18	7	2	11	2	16	10	14	16
"RPS15A"	13	35	21	8	5	10	18	14	14	2	24	10	14	45	11	13	6	9	9	18	36	6	18	4	12	10	11	23	18	26	13	14	2	5	4	9	1	21	11	4	13	7	6	55	17	15	9	13	21	3	23	5	3	16	18	19	11	18	7	20	24	16	20	32	2	4	13	7	13	20	21	22	10	6	4	10	9	17	11	12	15	19	18	6	6	3	10	16	14	10
"RPL23A"	11	52	16	4	1	12	11	13	23	3	27	13	5	7	5	5	6	6	11	24	65	10	20	11	11	12	13	17	12	30	17	15	5	5	6	6	4	30	3	9	21	16	16	26	15	10	14	27	19	1	19	2	1	16	16	14	17	15	7	19	6	4	22	16	0	3	36	7	14	18	19	13	18	0	5	2	6	18	20	14	16	15	8	4	10	3	25	7	9	14
"RPS27A"	22	35	36	2	0	10	11	49	9	4	15	12	16	2	6	8	5	5	4	18	41	11	21	3	5	11	12	22	17	28	15	9	1	3	0	4	2	14	3	2	30	5	11	20	9	40	16	8	12	2	24	4	1	10	9	11	17	12	4	25	11	4	18	24	2	4	14	4	13	14	18	15	14	8	7	4	4	15	11	8	16	18	6	0	6	0	14	5	7	17
"RPL27A"	36	43	13	8	2	14	13	12	18	3	18	17	11	7	3	5	6	5	11	41	23	5	17	7	5	13	14	21	25	17	10	16	4	7	8	8	3	23	10	8	29	9	12	13	22	27	9	6	13	8	23	12	1	7	13	20	11	9	5	10	14	14	17	16	4	10	12	14	18	23	27	15	12	6	8	7	6	18	47	14	4	20	5	10	5	1	13	8	9	12
"RPL12"	9	22	15	8	1	11	10	10	3	1	23	13	14	7	4	7	5	4	22	9	33	11	20	1	5	22	3	23	39	11	11	12	7	4	18	11	9	15	8	8	17	8	13	22	13	8	6	17	15	6	18	8	0	12	8	14	5	19	45	13	10	11	13	10	1	6	9	20	8	15	19	21	23	4	4	8	9	12	14	16	5	11	19	16	8	20	21	21	9	12
"RPL6"	10	18	10	6	2	5	8	10	2	2	28	15	11	17	9	4	5	14	22	17	26	8	22	1	23	11	14	20	20	24	16	12	3	1	16	3	8	18	11	6	18	11	9	25	11	11	9	11	15	12	15	9	5	16	14	22	7	17	11	12	34	16	11	22	5	4	3	9	14	13	39	6	18	6	4	3	6	12	36	10	10	21	9	6	11	5	7	21	11	25
"RPS8"	15	62	34	5	3	7	9	12	27	1	29	16	9	9	2	2	5	5	16	8	23	9	14	8	4	18	16	25	32	14	9	4	4	4	10	4	5	20	21	6	17	17	13	14	17	22	11	8	10	6	18	10	3	13	6	13	12	17	12	21	9	14	13	12	9	1	9	14	7	23	21	22	8	0	5	4	4	17	15	12	12	12	6	9	10	4	9	6	17	6
"LYZ"	1	3	2	24	0	1	1	1	0	3	1	0	2	55	0	1	21	2	47	1	1	1	2	1	63	1	0	2	7	1	2	5	0	0	62	0	50	0	59	13	0	1	0	0	4	1	0	1	0	61	0	10	10	38	10	1	2	0	64	0	70	183	0	0	0	0	0	9	0	0	1	0	2	1	0	0	0	1	1	1	0	0	40	32	1	19	1	38	1	0
"RPL26"	11	28	29	4	2	10	9	10	9	5	17	8	11	13	6	2	11	2	7	16	23	6	15	4	11	10	10	8	20	18	17	9	17	7	11	6	4	15	9	10	17	13	20	16	13	12	9	6	11	1	7	12	3	14	14	9	16	14	3	10	19	13	15	15	3	1	8	7	10	11	13	17	11	5	6	2	5	12	11	4	8	10	15	5	8	1	14	17	15	6
"TPT1"	10	56	9	8	3	10	10	8	3	1	17	14	12	8	2	2	3	6	8	13	15	4	5	4	8	24	5	8	10	14	17	9	5	3	16	4	8	28	10	14	14	9	9	13	10	17	12	3	27	6	8	11	3	9	11	48	9	5	4	33	12	14	15	14	3	1	10	6	7	14	20	11	14	8	3	13	4	16	5	9	7	14	9	5	3	2	11	9	7	5
"RPS15"	22	19	15	9	1	11	11	13	2	3	18	12	19	7	4	2	8	2	34	17	41	7	16	6	7	9	8	10	27	20	7	6	7	8	14	7	2	16	14	8	9	15	15	12	13	6	8	9	27	7	11	14	5	9	11	17	7	17	4	14	11	8	11	11	2	5	16	11	8	15	11	16	13	6	6	1	5	16	8	10	5	8	7	12	6	3	8	8	10	6
"RPL14"	11	14	21	11	1	45	3	9	3	2	24	14	15	13	0	4	4	4	16	48	37	6	11	6	8	12	7	13	21	9	17	14	6	5	11	17	3	11	10	6	64	14	12	21	12	19	7	3	11	1	12	12	1	9	16	12	7	12	7	14	15	7	13	8	2	5	14	13	3	11	20	11	17	5	1	7	1	10	14	10	5	17	6	12	11	0	15	5	10	12
"RPL10A"	10	26	9	4	2	14	16	8	1	2	26	12	4	11	3	5	1	1	13	45	22	4	13	6	7	11	4	15	28	57	10	7	2	7	6	2	2	17	6	8	20	7	11	25	10	10	12	2	20	2	15	7	2	7	8	9	4	14	5	9	12	15	7	18	3	7	4	15	4	9	19	10	14	3	8	3	5	12	12	8	8	16	8	5	7	3	23	6	8	8
"RPS7"	13	31	8	10	1	8	5	7	6	4	15	12	11	10	3	2	2	3	12	15	24	7	18	4	3	13	11	12	14	9	15	11	2	4	16	4	4	24	13	4	9	7	7	13	7	7	6	11	15	5	12	5	1	13	9	6	2	11	6	19	11	11	8	6	4	1	16	16	14	7	13	7	18	13	2	6	5	10	11	9	8	11	16	6	8	3	8	12	10	25
"RPL9"	23	24	12	9	1	8	18	37	0	3	26	14	11	5	12	3	2	6	6	12	23	5	31	9	4	12	5	11	19	33	6	14	12	4	6	10	1	18	6	3	23	11	13	10	19	14	20	4	16	6	12	3	1	9	8	8	8	13	5	15	9	8	12	20	1	2	17	5	8	22	9	43	30	5	2	3	3	11	15	27	5	13	10	3	5	1	12	5	9	13
"RPL8"	10	16	6	11	1	8	4	6	2	7	21	23	15	1	8	2	4	5	15	12	41	6	11	6	7	6	4	8	28	34	9	13	2	4	18	5	9	15	6	13	21	8	8	31	14	15	8	4	15	3	9	9	1	14	20	7	14	8	13	6	12	40	14	11	1	7	8	16	8	14	15	9	31	5	3	1	2	7	9	4	7	10	7	12	3	2	17	13	21	3
"RPS9"	7	14	9	9	3	2	7	4	3	5	13	8	17	11	3	1	5	3	26	6	23	10	18	7	10	7	2	14	72	25	7	12	5	3	19	6	10	21	14	11	11	7	8	14	8	6	6	2	6	5	15	14	2	17	14	10	9	7	14	9	13	22	13	61	3	8	9	10	8	10	44	8	6	7	3	2	10	7	9	2	7	20	11	9	7	5	16	10	11	6
"RPS16"	5	32	13	4	2	7	4	6	1	1	22	5	12	10	4	4	4	4	18	11	13	8	17	3	6	14	5	18	21	23	22	9	3	2	11	1	9	11	11	9	13	11	11	12	13	12	34	4	11	6	12	10	1	8	3	9	7	13	9	10	10	10	13	35	3	7	13	12	9	13	23	14	13	2	6	5	5	19	12	11	4	14	5	4	4	6	2	5	16	6
"RPS5"	10	27	9	8	0	7	19	6	4	2	23	22	7	12	16	3	3	4	16	6	21	5	27	3	6	14	6	35	16	22	8	7	4	5	10	16	2	14	3	6	25	9	14	11	5	11	5	6	7	5	13	9	0	10	3	11	14	23	9	14	11	10	12	8	4	3	5	12	5	11	22	12	16	4	3	2	4	12	10	5	8	10	6	35	11	15	7	7	14	6
"RPL29"	14	33	11	13	1	5	9	6	2	3	22	13	13	13	2	1	3	1	11	11	17	5	18	4	9	7	5	27	20	12	10	10	4	1	7	6	7	10	13	6	7	8	9	9	16	7	5	7	15	8	12	8	4	19	5	11	8	17	8	15	14	18	45	6	3	1	8	9	5	16	12	9	6	5	2	3	14	12	4	9	6	12	5	10	4	4	12	13	6	8
"RPS23"	7	23	12	6	4	6	9	1	3	3	14	12	21	6	5	4	9	4	9	18	15	8	26	10	6	7	8	12	7	23	8	17	0	9	9	4	4	11	8	3	14	8	9	12	13	9	12	7	10	2	13	6	0	9	7	11	4	20	2	12	2	7	11	12	5	3	9	15	14	14	17	16	12	0	4	3	1	8	12	10	11	7	3	5	5	1	6	7	11	10
"RPL30"	12	18	7	18	2	4	13	6	3	4	18	12	23	2	6	3	5	2	7	15	18	6	15	6	3	14	6	15	15	15	6	5	1	2	9	4	0	10	7	4	9	3	12	17	27	15	6	6	16	8	10	7	0	13	14	12	8	10	6	13	9	8	14	10	0	2	18	9	6	34	12	17	5	7	4	2	3	20	24	7	5	12	9	7	9	4	18	4	6	12
"RPL7"	16	29	6	5	3	12	7	11	7	4	7	10	12	9	3	7	5	7	2	9	20	4	24	3	12	16	14	16	9	10	11	11	0	5	0	2	0	16	7	5	20	0	5	22	3	9	11	5	7	2	15	7	4	8	15	32	12	8	6	14	5	10	7	14	2	4	8	1	10	11	11	14	7	8	1	1	10	9	15	8	10	18	11	6	6	6	10	12	8	6
"RPL18"	4	22	7	4	1	5	7	10	5	1	14	10	10	11	3	2	2	3	13	14	29	8	24	3	7	7	7	16	47	19	10	7	1	3	12	3	7	10	7	5	9	10	10	11	11	9	11	4	10	4	23	7	2	7	11	8	12	21	8	10	5	9	15	9	3	1	5	10	8	45	20	12	12	4	8	8	7	12	7	11	10	7	6	9	5	2	7	4	10	7
"PTMA"	11	13	14	9	3	7	5	14	4	2	22	3	9	13	2	1	2	2	26	11	12	5	8	6	3	7	4	11	17	4	10	10	2	3	5	12	8	34	4	9	16	7	3	10	10	5	4	12	8	11	8	4	2	27	17	7	9	7	5	9	9	11	7	12	2	6	16	9	10	3	8	15	5	4	6	4	11	9	4	3	13	8	5	7	12	1	3	10	6	10
"CD74"	1	51	2	14	1	0	1	0	28	1	33	1	0	9	2	0	1	1	25	1	53	15	31	1	1	23	0	2	20	2	1	7	1	9	6	2	11	0	2	10	2	12	4	2	1	0	0	1	3	8	1	13	0	19	6	1	2	30	7	3	22	27	2	0	3	4	0	18	3	1	0	1	0	1	23	4	2	1	24	3	1	1	5	11	1	4	1	10	16	0
"HLA.C"	8	14	9	8	7	11	9	1	10	1	11	10	9	13	4	4	2	7	7	11	24	1	10	2	5	9	8	3	12	14	14	15	4	1	4	7	16	9	4	8	8	13	17	11	3	8	9	12	1	5	7	15	0	17	15	7	8	3	2	17	15	18	9	6	7	4	8	32	8	16	8	11	8	14	4	7	18	5	4	1	14	9	8	4	6	5	6	7	11	5
"RPS25"	14	19	5	3	1	16	8	12	5	0	18	13	11	6	4	5	2	4	5	16	19	5	8	6	2	11	6	7	13	16	21	9	2	2	6	4	4	12	2	0	16	7	6	12	10	19	6	8	10	4	10	6	1	3	7	11	12	10	4	16	2	4	20	12	0	0	8	10	11	15	12	16	15	3	2	3	2	7	7	5	9	12	3	4	8	2	13	5	9	14
"RPL7A"	11	27	7	8	1	8	9	4	0	1	14	4	7	5	2	4	1	5	17	12	22	3	23	4	4	8	4	5	27	8	9	11	0	4	6	3	4	16	7	4	11	7	9	18	10	7	7	3	10	5	31	4	1	10	6	6	12	14	8	8	59	21	11	8	1	3	5	13	7	17	8	6	5	3	3	5	4	16	8	4	3	9	8	12	1	0	3	10	6	5
"RPL35A"	7	10	8	5	1	16	4	11	1	2	18	11	6	7	2	4	4	5	14	9	9	10	17	3	9	9	6	6	15	21	5	7	3	3	12	6	4	16	4	5	6	9	8	14	14	12	5	7	9	11	8	5	1	5	11	6	7	10	5	18	15	6	7	12	4	4	9	7	6	18	21	11	12	3	5	2	6	15	6	9	6	19	4	6	6	2	6	7	6	9
"RPL34"	13	26	17	4	1	8	16	13	7	5	1	3	3	10	5	3	7	3	3	12	13	6	9	3	6	6	13	5	16	19	40	12	0	11	1	2	1	18	6	1	16	3	3	5	2	5	12	1	0	1	10	2	2	7	7	7	14	1	2	25	13	13	10	21	2	2	4	1	17	11	3	20	0	2	2	4	4	6	16	12	7	17	3	0	5	2	1	10	7	10
"GNB2L1"	8	40	7	6	0	3	14	12	1	1	15	6	6	7	6	6	3	0	20	11	11	29	25	3	7	26	6	13	21	12	11	10	4	4	10	4	4	8	7	2	5	6	7	24	21	5	3	3	10	6	7	9	5	11	11	8	10	8	5	12	18	17	20	12	6	2	6	6	7	10	12	10	6	6	0	1	4	61	4	5	7	7	11	7	6	5	2	5	6	9
"RPL5"	5	17	7	3	0	5	9	4	3	0	27	18	7	4	4	6	2	2	12	2	12	6	19	5	5	12	6	16	7	10	8	19	4	2	11	1	5	14	2	2	6	8	4	11	7	13	7	7	13	1	16	4	1	9	2	13	7	12	2	13	27	7	12	27	0	2	7	13	11	9	14	5	16	1	1	3	6	14	9	7	3	7	5	1	5	0	9	3	6	6
"RPSA"	17	12	4	7	1	4	14	4	4	0	10	8	8	3	2	3	1	5	3	4	17	5	10	5	5	12	9	12	13	17	6	11	2	2	5	3	3	14	3	2	22	11	5	8	8	16	7	8	21	1	8	4	1	4	3	11	7	15	4	17	10	8	11	9	2	0	9	3	2	20	16	11	14	2	4	6	5	24	8	4	3	10	2	3	8	0	7	5	10	6
"RPL31"	11	33	9	5	2	4	19	5	2	0	9	8	6	5	3	4	2	4	5	6	6	5	10	3	6	7	7	21	7	13	7	9	0	2	6	5	2	11	5	3	9	4	13	11	12	9	17	5	10	6	5	9	3	6	5	13	11	7	0	14	4	4	17	6	3	0	8	8	3	9	19	12	13	3	3	3	7	20	2	12	6	7	8	4	5	2	13	5	4	7
"S100A4"	3	0	5	16	5	9	2	4	3	5	1	1	7	27	1	0	5	3	27	12	12	0	0	0	16	3	0	2	15	0	3	21	1	0	16	7	15	6	14	26	5	1	5	21	0	1	1	4	1	20	1	28	4	33	35	1	3	0	8	5	25	17	2	1	2	16	4	37	5	6	2	11	11	8	0	5	7	1	3	2	2	4	9	19	5	6	7	7	5	0
"RPS10"	10	11	7	5	0	8	4	3	3	1	17	18	8	9	4	5	1	0	9	7	9	2	14	5	7	13	3	8	13	9	12	5	2	6	6	5	2	22	1	2	14	8	1	13	11	15	6	6	14	4	9	5	0	6	6	4	10	12	6	11	13	14	16	11	5	3	6	11	10	8	12	11	7	3	1	3	2	6	10	5	14	13	5	5	2	0	12	5	5	3
"MT.CO3"	5	15	4	4	1	0	10	10	2	4	17	4	5	7	1	1	30	3	5	5	8	4	11	2	18	10	3	16	18	9	8	14	5	3	9	3	3	10	8	16	10	5	10	9	7	5	10	0	2	11	6	45	1	14	16	3	10	13	4	5	6	8	9	5	10	1	4	18	2	5	2	4	11	5	1	9	6	12	8	8	3	11	6	5	10	1	3	4	10	5
"MT.CO2"	10	53	2	7	0	2	15	5	3	10	4	1	2	3	5	3	8	11	6	9	8	11	10	0	9	2	5	13	19	12	9	106	0	1	7	0	2	10	8	1	24	0	0	1	1	1	9	0	0	2	11	4	6	23	21	1	15	0	2	7	17	8	16	7	7	3	4	4	5	14	5	6	1	5	0	3	8	6	10	4	3	6	18	1	8	4	1	4	11	2
"JUNB"	10	2	33	7	1	2	2	3	3	5	4	14	20	3	1	0	3	7	11	8	28	1	8	1	15	3	5	13	25	12	4	10	3	2	8	4	2	0	0	16	21	5	10	7	7	20	21	4	10	6	14	9	0	10	7	6	7	4	4	10	12	4	18	14	1	6	12	10	8	7	11	7	9	2	3	4	3	21	13	2	10	7	4	4	3	2	12	1	10	4
"RPS13"	6	10	8	4	0	6	7	8	6	0	14	18	5	5	1	4	2	2	2	8	20	5	9	4	3	4	6	10	14	16	9	7	4	3	5	1	3	10	4	1	12	10	12	23	11	12	8	6	11	2	7	8	0	16	8	27	7	10	8	8	7	8	11	12	2	2	5	6	4	7	10	9	11	2	5	6	2	6	2	3	4	5	4	2	7	0	9	6	7	13
"FAU"	7	9	7	7	2	2	4	4	4	3	11	4	10	28	4	3	7	1	14	4	19	1	5	3	6	11	3	5	9	8	3	11	3	2	13	5	11	7	6	5	11	4	4	20	3	7	4	4	7	5	5	6	2	11	10	5	7	10	2	8	15	17	6	9	0	5	8	8	6	7	8	9	13	6	5	0	3	7	5	7	0	8	9	10	2	6	4	9	5	2
"HLA.A"	5	5	12	7	4	8	7	7	3	1	9	4	17	9	4	5	0	5	4	12	15	1	6	0	6	2	3	5	12	7	13	11	4	2	2	6	4	8	1	7	5	9	6	12	3	4	10	8	9	10	8	4	0	4	6	5	7	5	3	15	9	24	4	3	1	3	7	10	8	8	12	2	2	12	1	8	11	6	3	7	12	6	1	14	6	2	9	5	9	7
"EIF1"	7	1	10	6	5	6	6	4	3	3	5	4	6	11	2	1	1	3	29	1	11	0	6	1	8	6	3	7	21	9	11	21	2	1	15	4	7	3	0	6	12	1	5	62	5	5	6	3	11	5	4	13	3	21	20	6	5	3	3	8	9	15	3	4	2	7	9	5	7	5	4	8	38	3	1	5	3	12	5	2	7	35	15	6	7	5	5	6	6	11
"RPL35"	10	14	9	7	1	3	1	3	1	0	16	25	20	8	3	5	2	4	8	11	20	5	5	12	26	5	3	10	11	8	8	4	6	0	10	5	8	10	3	3	11	8	25	13	11	9	5	1	5	4	11	7	0	16	6	9	12	34	11	15	8	18	5	10	3	2	6	8	7	15	17	19	8	3	1	3	5	10	3	5	4	8	7	6	0	2	14	5	1	5
"NACA"	4	10	9	2	2	8	2	5	0	6	10	6	4	5	2	0	4	5	14	4	13	3	11	3	11	28	4	7	14	8	6	20	0	2	4	2	8	7	4	10	6	2	11	9	7	6	2	6	8	6	9	9	3	43	22	9	4	8	3	9	6	6	6	10	2	3	5	13	29	7	12	2	5	6	3	3	4	5	6	3	6	6	9	3	5	3	4	1	4	3
"UBA52"	5	18	10	8	1	5	2	7	2	2	14	8	9	16	15	3	4	2	12	4	13	4	9	2	12	2	12	3	14	4	5	6	0	3	10	3	10	11	12	8	5	5	24	5	6	7	5	3	12	7	3	12	3	15	6	11	5	11	7	7	9	10	5	6	3	7	6	10	2	11	5	7	7	3	8	3	8	4	10	3	2	33	6	11	3	2	6	8	5	3
"HLA.DRA"	1	36	0	24	1	0	0	0	3	0	36	0	0	3	0	0	0	0	19	0	13	19	28	1	4	33	0	1	13	1	0	3	1	7	12	0	11	1	4	8	0	0	0	1	0	0	0	1	1	4	1	7	2	28	9	1	0	37	7	1	31	73	0	0	0	4	0	15	0	0	1	0	0	0	9	0	0	1	13	1	1	1	6	4	0	5	1	8	6	0
"S100A9"	0	0	0	12	0	0	0	0	0	0	0	0	0	34	1	0	20	0	26	0	0	0	0	1	143	0	0	0	0	1	0	2	0	0	10	1	18	1	54	11	0	0	1	0	0	0	0	0	0	43	0	5	3	5	7	0	0	0	25	0	9	64	0	0	0	3	0	5	0	0	0	0	0	0	0	0	1	0	0	0	0	0	25	22	0	5	0	34	0	0
"RPLP0"	5	31	4	3	0	5	11	5	2	0	10	8	10	9	5	3	1	5	12	10	15	2	10	3	6	12	5	10	16	10	13	6	0	1	5	2	2	8	6	1	8	17	4	13	7	9	14	1	15	1	16	2	1	8	4	7	9	12	4	14	2	7	9	5	2	3	3	5	6	9	18	7	11	2	3	5	1	1	5	1	3	4	3	8	3	2	6	4	2	6
"RPS28"	4	12	5	5	0	5	4	4	1	2	13	9	4	7	1	3	5	1	8	9	13	2	3	4	5	10	6	14	20	10	5	7	1	1	10	3	2	11	8	6	10	7	5	6	4	4	8	3	17	3	7	11	1	4	3	8	7	6	7	9	7	6	12	7	0	1	4	7	6	12	6	12	7	4	5	3	3	11	6	7	5	10	5	7	5	3	8	2	8	8
"RPL4"	4	14	5	2	0	12	2	4	5	1	12	7	9	4	2	2	1	3	6	4	15	1	11	3	6	6	9	13	10	12	3	7	10	0	10	2	4	15	8	4	3	6	7	6	2	6	4	4	9	2	11	7	2	3	9	11	2	17	5	3	7	5	12	11	2	1	4	7	3	12	14	4	5	3	0	2	3	9	7	2	5	5	7	2	2	3	2	4	5	3
"FOS"	12	2	22	6	0	0	3	9	0	2	2	24	17	7	1	2	2	5	17	21	7	0	2	3	51	2	0	4	42	1	3	5	1	2	13	2	5	1	6	7	4	16	12	16	4	12	4	2	3	13	13	35	0	5	8	1	24	3	9	11	10	15	6	2	2	5	13	5	3	13	11	14	8	2	5	1	0	7	1	1	5	3	9	8	13	7	1	6	2	5
"RPL17"	14	17	6	7	0	3	4	6	0	3	14	6	3	9	1	2	3	3	5	8	12	0	9	2	5	4	6	8	9	11	2	6	1	1	3	0	2	13	1	1	7	2	6	16	6	14	1	4	7	0	8	4	2	4	3	8	6	12	2	9	12	5	11	9	4	0	2	7	5	6	12	12	5	2	0	2	2	5	8	4	2	16	5	4	4	1	8	6	6	6
"PFN1"	2	9	10	7	8	2	2	6	4	3	7	3	6	12	4	1	0	2	11	3	9	2	1	2	7	4	3	2	13	4	6	10	4	0	3	6	12	4	9	21	1	4	3	6	3	3	3	10	7	4	1	15	0	17	11	4	4	3	6	8	12	15	4	4	3	4	5	22	2	4	2	4	4	12	2	6	5	1	3	4	5	2	4	6	6	9	6	5	0	0
"RPS20"	4	8	10	1	2	2	3	3	5	0	16	3	6	5	2	3	4	2	4	8	9	3	10	3	4	4	2	15	7	6	4	15	0	0	3	1	4	7	3	1	12	5	5	10	5	8	7	3	5	2	8	3	1	7	4	6	6	8	2	9	4	7	9	8	1	2	10	5	6	6	7	3	6	3	5	1	1	7	1	5	5	8	5	2	7	2	10	3	2	5
"RPL36"	8	8	6	6	1	8	3	1	0	3	12	11	4	4	0	1	2	0	8	8	12	6	8	3	4	7	14	12	19	12	7	3	1	3	25	6	4	11	3	3	6	4	6	14	4	7	7	4	8	2	6	3	3	7	3	4	7	7	2	12	8	6	8	5	0	2	4	4	21	5	9	9	7	1	3	2	0	13	4	6	4	8	3	4	0	3	6	10	4	5
"H3F3B"	4	4	7	1	12	1	3	4	1	1	6	2	7	6	8	1	3	9	9	11	19	2	9	1	3	2	0	4	9	6	3	8	13	0	6	5	6	1	7	10	3	2	6	14	5	2	2	4	8	10	2	11	1	8	20	6	2	6	4	7	6	13	4	4	3	7	3	13	2	3	0	5	6	5	6	6	4	6	10	2	7	1	8	13	3	6	3	11	9	4
"MT.ND4"	10	33	3	3	0	4	8	13	2	3	15	1	3	5	3	2	8	10	6	2	11	7	8	2	4	5	2	11	9	5	6	9	2	2	2	2	4	7	6	4	6	2	10	7	1	5	6	1	5	4	7	6	0	11	10	5	9	7	5	10	12	10	8	34	4	1	1	6	3	11	2	5	9	1	0	4	4	5	5	6	2	4	7	1	2	3	3	5	5	6
"RPL27"	5	11	6	4	0	5	7	4	6	1	8	4	7	7	1	2	4	1	7	6	18	3	7	1	3	8	5	5	19	9	4	5	2	2	7	3	0	7	2	6	7	4	2	8	14	9	6	5	8	3	5	5	1	8	3	9	4	8	2	9	6	4	5	9	0	4	2	9	4	4	14	10	4	3	2	3	2	7	3	3	4	6	3	4	5	5	6	4	10	4
"RPL37A"	1	10	6	13	1	4	2	2	2	2	17	4	7	6	0	2	4	2	7	8	9	4	12	4	8	5	3	9	14	7	16	7	2	10	4	3	4	8	3	3	7	5	9	6	4	4	4	5	7	2	10	2	0	4	12	5	2	4	3	3	15	4	6	11	6	2	4	5	4	12	5	10	3	1	2	2	1	9	4	5	6	12	4	8	3	0	3	8	8	3
"RPL37"	5	3	6	7	0	9	4	9	1	0	13	8	5	4	3	3	2	0	12	7	17	2	7	2	16	3	3	5	16	9	6	5	1	0	10	3	0	5	6	6	5	8	2	11	5	6	2	5	10	2	11	5	0	13	10	5	3	3	3	4	4	6	8	2	0	3	2	7	5	2	12	4	5	0	1	0	1	9	5	3	4	9	3	5	3	0	9	7	5	3
"RPS11"	1	16	3	6	0	3	8	0	1	0	16	3	6	10	2	0	2	0	17	10	11	3	14	4	2	6	1	4	15	6	0	6	0	3	5	3	8	25	5	6	6	3	5	4	2	18	4	8	5	8	8	7	4	8	6	3	5	13	9	4	4	12	4	4	1	3	4	12	3	1	12	4	2	1	5	2	1	2	5	3	3	1	2	5	1	4	5	6	3	3
"HLA.B"	5	7	3	19	4	4	1	2	4	3	7	5	7	5	3	0	2	2	7	2	13	2	7	2	4	5	3	1	7	3	3	4	1	3	8	2	9	2	6	5	9	12	9	3	1	4	2	4	3	2	3	8	1	8	4	4	3	7	1	8	12	15	9	2	4	5	2	12	4	9	3	1	1	7	0	7	10	4	3	1	4	3	4	3	6	1	8	3	2	1
"OAZ1"	5	9	4	13	2	2	4	3	1	3	10	1	8	8	1	2	4	3	30	1	4	5	3	2	10	1	0	2	25	5	6	24	0	2	13	2	18	1	13	16	5	1	4	7	0	3	3	1	1	11	1	11	3	23	21	2	2	3	12	4	19	16	2	2	1	28	1	20	3	2	4	3	0	0	3	5	3	4	2	1	4	0	12	7	2	4	4	10	4	4
"EEF1D"	7	3	5	9	3	2	2	2	3	2	10	4	6	4	1	1	1	2	10	6	4	1	8	6	7	6	1	5	45	4	7	3	2	2	7	1	5	7	7	9	14	4	5	2	8	3	5	4	8	5	5	6	1	8	7	4	35	2	4	4	3	12	8	4	1	1	3	4	6	3	4	13	7	5	2	2	1	2	5	5	5	8	1	3	5	3	5	4	5	4
"RPS24"	4	19	4	8	0	4	6	14	14	1	11	2	4	11	1	2	3	2	2	3	11	4	5	1	4	14	10	3	10	5	5	7	1	1	5	2	6	4	4	3	10	6	5	5	6	2	7	5	2	3	2	4	2	7	7	8	4	9	1	7	5	4	6	8	2	2	2	8	3	5	7	6	0	1	4	6	3	14	0	7	5	6	13	3	1	30	3	7	6	2
"MT.ND1"	8	8	4	5	1	4	8	7	0	0	12	6	1	6	6	1	3	1	9	5	10	5	8	0	4	1	3	3	17	5	5	12	3	2	13	0	19	2	8	13	6	6	7	11	4	4	6	1	5	7	4	8	0	13	4	7	6	7	6	7	10	7	5	1	4	5	4	10	3	0	4	6	4	2	3	1	5	23	0	5	0	3	7	6	4	4	1	10	2	4
"DUSP1"	2	3	7	8	0	2	0	7	2	2	3	4	7	7	0	0	0	2	22	6	16	0	10	1	10	4	2	1	8	4	1	17	2	0	7	0	1	2	10	7	6	7	10	8	6	8	6	4	1	4	5	6	1	2	9	1	7	0	7	7	6	16	8	6	0	3	2	16	9	9	4	2	2	0	2	0	3	4	3	1	1	5	6	10	9	6	1	3	5	7
"RPL24"	5	9	8	4	2	5	7	2	3	2	10	8	11	9	4	1	0	3	2	5	13	3	3	1	2	3	1	6	6	4	4	6	0	2	8	5	1	5	2	5	6	3	1	7	4	3	2	5	5	1	6	3	2	5	9	2	0	2	6	7	4	7	8	2	0	3	7	7	4	3	2	11	6	4	1	4	2	8	3	3	6	7	7	4	5	2	3	7	2	7
"CST3"	0	1	1	22	0	0	0	0	0	8	0	0	0	13	0	0	6	0	35	0	0	0	1	0	7	0	0	0	54	0	0	4	0	0	15	1	25	0	37	14	0	0	0	1	0	0	0	0	0	14	0	17	3	26	24	0	0	0	19	0	14	25	0	0	0	6	0	19	0	0	0	1	0	0	1	0	0	0	0	1	0	0	12	15	0	6	0	9	0	0
"MT.CYB"	4	8	4	2	1	3	8	7	1	0	16	1	3	1	1	1	3	1	6	5	7	3	9	1	4	2	6	4	11	9	5	1	1	0	2	1	0	3	1	5	1	2	4	2	1	5	8	5	7	3	10	3	0	8	6	3	13	3	3	6	48	5	4	4	3	3	2	6	4	7	49	3	6	3	2	1	2	6	6	3	1	5	7	1	7	2	3	6	4	5
"S100A6"	0	2	3	16	0	3	8	16	1	2	0	1	3	16	1	0	4	3	29	1	5	0	0	0	9	1	0	3	11	0	1	10	1	0	22	3	15	3	8	25	2	0	2	5	1	2	3	0	0	8	2	5	4	18	23	0	2	0	12	1	15	13	2	0	1	10	3	9	4	5	2	4	3	1	1	0	2	1	2	4	5	4	7	14	1	2	3	13	6	1
"RPS29"	4	12	8	3	0	8	9	7	3	3	10	3	10	4	3	3	0	2	1	18	5	1	15	4	4	7	4	7	10	11	4	2	1	1	2	1	3	5	3	4	4	1	8	5	7	7	4	5	4	3	12	1	0	4	4	5	4	5	3	7	5	2	3	6	1	0	4	6	4	7	5	13	6	2	1	1	1	8	5	3	7	8	2	7	2	1	2	2	6	4
"MT.ND2"	3	10	2	5	0	3	18	16	0	3	7	1	1	2	4	3	5	10	4	3	7	2	9	2	4	0	2	1	10	7	2	12	1	2	1	1	2	10	1	3	8	1	0	2	0	4	8	2	1	2	9	5	2	14	9	2	15	0	3	6	3	7	11	6	5	0	3	1	1	5	2	7	3	0	0	2	8	1	3	1	3	3	5	1	5	4	0	4	1	4
"GAPDH"	3	2	5	4	1	1	2	3	1	0	3	1	8	5	2	1	8	1	6	5	11	0	0	1	6	1	0	2	13	2	3	4	2	0	12	1	5	4	11	6	0	14	3	2	2	0	3	2	4	10	2	4	0	9	11	1	1	16	15	8	9	19	4	1	0	2	1	13	2	8	3	4	6	2	0	2	4	30	0	1	1	1	12	10	1	2	3	7	5	0
"HNRNPA1"	5	5	5	4	0	1	4	3	3	1	5	10	10	3	2	0	4	0	13	5	12	0	8	2	1	4	2	8	9	4	6	3	0	0	3	4	6	7	2	2	3	9	4	9	6	1	7	6	5	5	5	5	0	8	9	6	5	4	0	2	9	6	1	5	2	5	2	5	2	4	6	5	6	1	1	1	4	6	5	1	4	7	4	5	3	1	4	3	2	3
"CFL1"	5	9	3	4	2	2	1	1	4	0	7	1	5	7	6	0	5	2	9	0	8	0	2	2	5	1	3	4	10	1	7	3	2	0	6	3	6	5	10	10	4	2	4	7	1	2	5	8	5	2	1	18	0	6	4	4	1	4	6	4	4	18	4	1	3	1	6	9	3	4	3	1	2	4	0	1	4	3	0	2	3	12	3	4	1	1	1	2	1	3
"CD52"	6	8	13	4	0	2	0	2	1	2	8	3	3	3	3	0	0	1	14	10	6	1	7	1	0	11	1	2	9	3	1	5	1	2	1	6	1	12	0	9	4	13	2	28	5	4	6	6	1	3	1	7	1	14	9	5	6	6	3	8	5	5	3	1	0	5	7	13	0	5	2	6	6	1	1	1	0	4	4	3	12	4	2	5	0	0	8	8	5	17
"LTB"	5	11	4	0	0	4	3	1	0	0	10	4	4	0	0	4	1	4	1	10	7	5	8	35	0	5	0	3	2	4	1	0	1	1	0	4	1	6	0	1	7	1	5	17	1	0	5	1	11	0	4	4	0	1	1	2	4	17	2	6	0	1	1	3	0	0	3	0	2	4	4	8	15	1	2	10	1	7	1	27	3	0	1	0	10	0	1	0	6	2
"ACTG1"	1	3	3	3	3	5	0	14	1	1	36	3	3	3	1	2	2	1	8	1	5	0	2	2	4	0	0	2	10	5	2	7	2	0	6	2	2	4	8	4	5	6	1	5	1	1	0	1	9	0	2	1	2	14	1	1	1	4	3	0	10	14	6	1	6	4	4	15	1	3	2	6	3	8	1	0	1	1	2	2	3	3	3	1	4	0	1	6	29	1
"CYBA"	1	12	4	9	1	3	2	1	1	1	8	2	1	5	0	1	3	1	18	1	5	3	3	1	5	3	1	0	12	0	3	9	0	0	12	3	14	1	6	43	2	5	5	1	0	2	1	0	0	5	1	7	0	16	14	2	2	5	5	2	9	21	1	0	4	10	0	9	2	1	3	0	5	7	2	1	3	1	2	3	2	1	7	7	1	7	2	8	5	0
"VIM"	2	7	3	1	0	5	17	0	0	1	0	1	3	6	0	1	3	1	11	2	6	1	1	1	11	2	1	0	8	3	0	0	0	0	5	8	11	3	8	2	1	1	0	1	0	5	4	4	3	5	1	16	1	13	6	5	6	0	3	8	19	12	2	1	0	3	1	6	5	5	1	8	7	0	0	0	0	3	0	2	2	3	10	7	0	0	7	6	3	1
"SH3BGRL3"	2	5	6	12	3	3	2	0	2	1	1	1	1	6	2	0	2	3	17	3	6	1	1	1	10	1	1	1	9	2	1	11	1	1	7	3	6	1	6	11	1	2	3	1	0	1	1	3	2	7	2	9	2	11	12	1	2	2	9	5	11	8	2	1	4	4	0	12	5	0	1	4	1	7	0	5	5	1	0	4	6	6	3	7	1	4	3	7	1	0
"PFDN5"	2	8	1	4	3	1	3	5	1	4	5	1	3	5	2	0	5	1	9	5	5	3	5	1	7	4	1	4	10	7	3	9	2	4	6	1	2	3	1	6	5	2	1	2	2	2	5	2	6	4	5	8	5	5	1	2	3	2	3	3	9	5	4	2	0	3	0	11	4	1	3	6	1	4	2	2	2	2	3	3	3	5	10	6	1	3	2	8	3	2
"ARHGDIB"	3	5	9	3	3	2	1	4	2	2	9	5	0	1	1	1	1	1	11	3	6	1	3	2	4	2	1	2	7	2	1	7	0	1	10	3	6	3	1	8	4	5	2	3	1	5	2	7	5	1	2	7	1	6	5	3	0	2	3	5	2	5	2	5	2	1	2	7	9	3	3	3	1	3	1	2	5	1	1	1	4	2	1	1	1	3	3	3	2	1
"RPL36A"	8	7	4	0	0	2	3	7	2	1	10	6	4	3	1	1	1	2	5	6	19	2	6	3	5	15	5	8	9	9	4	5	0	1	2	1	1	4	3	3	0	3	1	3	5	4	3	2	5	2	7	4	1	5	2	7	6	3	3	7	4	0	4	5	0	2	6	12	3	5	3	10	5	3	3	4	1	8	2	4	4	4	3	2	3	2	5	3	2	3
"TYROBP"	0	0	0	12	1	0	0	0	0	1	0	0	0	8	0	0	5	0	22	1	0	0	0	0	10	0	1	0	17	0	0	5	0	0	31	0	22	0	13	13	0	8	0	0	1	0	0	0	0	7	0	15	2	22	11	0	0	0	16	0	20	30	0	0	1	7	0	11	0	0	0	1	0	6	0	0	3	0	0	0	1	0	12	12	0	3	0	8	0	0
"RPS26"	4	5	10	3	0	5	2	2	0	2	1	9	5	3	0	2	0	0	6	3	12	1	5	2	3	4	2	3	7	7	15	2	3	1	8	2	2	5	1	11	3	3	6	6	6	3	5	9	3	1	5	6	0	11	0	3	3	3	4	7	3	2	4	4	3	1	10	5	5	1	7	3	2	1	3	1	2	5	5	3	4	5	0	1	15	1	3	5	1	1
"EEF1B2"	2	10	4	2	2	2	5	2	2	0	10	6	6	1	1	0	0	4	7	1	8	2	7	4	2	4	5	4	15	7	6	1	2	4	1	3	9	7	1	5	4	4	4	8	2	6	2	3	7	2	1	5	0	3	3	10	4	6	3	34	2	8	4	3	0	1	3	2	3	5	2	1	1	1	2	0	5	7	13	4	3	13	0	5	3	3	1	4	5	3
"COX4I1"	5	7	2	3	1	1	2	2	2	2	4	1	5	4	0	3	2	1	12	2	13	2	2	1	6	1	2	4	7	2	4	6	0	2	5	2	3	3	6	5	6	1	5	2	4	2	2	2	3	3	4	5	2	2	3	2	4	1	2	10	9	4	2	4	0	2	1	3	1	2	8	3	4	0	2	0	3	5	1	1	2	3	4	5	1	2	1	5	3	2
"BTG1"	3	3	5	0	0	0	2	33	1	0	2	9	3	1	2	0	1	4	3	3	7	3	3	1	5	1	3	14	4	4	7	1	1	1	7	4	1	3	0	0	10	3	8	7	4	3	3	2	3	1	4	1	0	3	0	3	1	7	2	2	1	0	4	6	1	1	6	2	2	8	10	3	0	4	9	1	2	6	3	3	3	2	0	0	5	0	1	3	2	3
"S100A8"	0	0	0	3	0	0	0	0	0	3	0	0	0	4	0	0	8	0	5	0	0	0	0	0	79	0	0	1	0	0	0	0	0	0	6	0	12	1	24	0	0	0	0	0	0	0	0	0	0	32	0	0	2	2	2	0	0	0	27	0	0	11	0	0	0	1	0	0	0	0	0	0	0	0	0	0	1	1	0	0	0	0	9	16	0	5	0	21	0	0
"HLA.E"	5	2	1	7	0	3	0	2	1	0	4	3	3	2	1	0	0	1	3	4	9	1	6	0	0	2	1	3	6	12	3	4	1	1	3	2	2	1	2	1	0	2	1	4	2	3	2	3	5	1	1	4	3	5	3	3	3	6	0	5	1	4	2	0	1	1	0	5	2	1	4	4	2	10	1	1	6	4	3	4	1	1	2	2	1	1	6	0	3	0
"MYL12A"	0	3	4	1	2	4	6	3	2	0	2	3	4	2	0	3	0	3	2	3	6	1	4	0	0	2	2	3	15	4	12	9	1	0	1	3	2	0	3	0	6	3	3	6	1	2	3	0	4	0	0	3	1	0	2	2	6	0	0	4	5	1	5	1	6	3	2	9	3	1	6	6	2	10	0	0	6	6	1	2	1	4	0	1	2	0	1	0	2	1
"MYL6"	1	0	6	5	2	0	3	4	4	2	6	1	2	2	13	1	7	2	8	3	3	0	0	2	4	3	0	1	10	1	3	9	1	1	4	1	4	1	4	9	3	3	0	4	4	2	0	2	0	3	0	7	4	5	4	1	2	2	9	3	2	9	0	1	6	8	0	7	0	3	0	2	5	7	0	5	8	1	0	3	4	1	3	1	2	2	2	2	2	1
"BTF3"	4	6	3	5	0	1	2	2	1	2	10	3	4	23	1	0	1	3	3	2	1	1	4	0	4	5	0	4	3	4	3	1	3	0	2	3	3	10	2	1	2	0	1	2	1	1	4	2	6	2	1	5	3	4	2	2	5	2	3	2	7	3	5	5	0	5	4	3	3	2	6	7	5	1	1	1	3	5	4	3	6	9	6	0	3	1	2	2	3	6
"RPL38"	4	12	9	4	0	0	1	1	1	0	2	6	2	7	2	2	2	3	2	7	4	3	2	3	2	7	2	1	7	19	4	7	3	0	4	2	3	8	6	4	4	0	2	6	3	2	4	3	5	1	2	2	1	4	1	1	6	6	2	4	2	2	4	3	1	4	10	4	1	3	4	7	5	0	3	2	0	2	3	2	1	3	4	1	1	3	8	2	3	3
"COTL1"	2	4	3	7	0	0	0	0	0	1	4	1	0	42	0	0	2	0	17	1	1	0	3	1	5	1	1	1	14	1	0	20	0	0	3	3	34	2	6	16	1	1	1	1	3	2	0	0	3	9	0	8	3	18	9	0	0	2	4	0	12	15	0	1	0	6	1	22	1	0	0	1	3	0	0	23	2	0	2	1	2	1	2	14	0	14	0	2	4	0
"LGALS1"	1	0	0	4	2	1	0	0	1	3	0	0	0	15	1	0	3	0	36	0	1	1	0	0	7	0	0	0	34	0	0	17	1	0	36	0	9	0	6	9	0	0	0	2	0	0	0	0	0	9	0	6	3	16	30	0	0	0	7	0	14	4	0	1	3	7	0	8	2	3	0	0	2	2	0	0	2	1	0	0	3	1	6	1	2	5	1	13	1	1
"PABPC1"	5	5	1	5	1	3	2	2	0	0	6	0	1	5	0	0	3	0	0	6	4	0	5	2	4	4	1	5	15	3	3	5	0	1	6	4	5	6	1	2	3	5	5	2	2	4	1	0	1	2	8	2	1	6	10	3	2	4	4	2	4	3	7	1	3	2	4	5	3	3	4	19	2	1	1	2	0	2	6	3	1	2	2	4	0	1	2	4	3	3
"HLA.DPB1"	0	17	0	8	0	1	2	0	4	0	14	0	2	1	0	0	0	0	12	0	18	7	9	0	0	9	0	1	7	0	0	1	0	4	4	1	4	0	0	16	0	0	2	0	1	0	1	0	0	0	0	3	1	5	3	0	1	19	4	1	12	8	0	0	0	0	0	7	1	0	1	0	1	1	1	0	0	0	5	0	0	0	12	5	0	4	2	3	11	0
"RPS4Y1"	5	5	2	3	0	2	4	3	1	2	4	5	5	1	3	1	2	2	6	4	5	2	4	0	1	3	3	14	1	5	7	1	1	0	5	3	0	4	1	1	5	1	5	2	4	6	5	1	4	2	2	1	1	5	2	9	1	0	3	4	3	2	3	8	2	2	7	0	6	5	7	2	1	1	2	0	2	2	5	0	3	3	17	1	2	0	4	3	5	4
"UBC"	1	5	6	3	1	3	0	1	0	2	4	2	4	3	2	0	1	0	4	4	5	0	8	0	5	2	1	2	4	2	4	12	0	0	1	2	0	0	1	1	1	4	3	6	4	5	4	1	1	2	0	4	0	7	2	7	4	2	3	4	0	3	3	2	1	2	2	8	5	6	4	5	1	2	1	5	3	2	3	2	4	3	3	3	3	1	5	4	0	0
"SAT1"	1	6	1	15	0	2	0	1	0	20	6	0	0	14	0	0	3	1	18	0	0	0	1	1	4	0	0	0	12	0	5	15	0	0	5	2	4	0	8	13	1	0	0	15	0	0	0	0	1	8	0	12	3	10	13	0	1	1	4	0	19	37	0	0	1	15	0	32	3	1	0	0	0	1	0	1	0	0	0	0	1	0	4	3	3	11	2	9	2	0
"RPS21"	3	2	3	1	0	1	0	0	0	0	6	2	1	2	1	0	3	1	1	5	10	1	4	0	3	3	0	1	6	4	3	2	1	1	1	0	3	8	0	1	7	1	4	6	3	1	5	2	3	3	4	0	1	3	3	0	4	2	1	5	2	2	8	2	0	0	1	2	3	3	4	3	2	0	0	0	2	3	3	1	3	1	0	2	0	0	2	1	2	2
"JUN"	11	0	13	1	0	0	0	0	0	0	5	3	2	2	7	0	1	0	6	1	2	0	8	0	3	4	4	1	5	1	0	1	2	0	1	5	3	0	1	0	2	1	2	18	5	0	6	0	0	5	1	0	0	1	1	0	2	0	2	5	3	1	1	3	0	0	12	0	4	3	5	8	3	2	3	1	1	3	4	1	0	1	3	0	2	0	3	1	3	0
"NPM1"	5	6	4	3	0	3	5	3	0	0	4	3	3	1	0	0	1	0	1	5	6	5	4	0	2	3	3	13	4	7	1	4	10	0	2	1	1	6	0	0	4	2	4	4	4	5	6	4	4	0	4	3	1	0	2	5	2	4	1	3	2	2	3	5	0	0	2	1	3	2	2	3	5	1	0	2	0	1	3	1	11	5	0	0	5	0	2	1	1	2
"NKG7"	0	1	0	1	11	0	5	2	1	0	0	0	0	0	3	0	0	2	2	0	2	0	0	0	0	0	0	0	2	0	0	0	0	0	1	1	0	0	1	0	0	11	8	1	0	0	0	0	0	0	0	0	0	0	0	0	0	0	1	0	0	2	0	0	16	0	1	1	0	0	0	0	0	17	0	0	21	0	0	0	1	0	0	0	4	0	0	2	0	0
"ARPC3"	0	9	5	6	1	1	1	2	1	4	5	1	1	7	1	0	1	1	8	0	2	1	6	0	6	3	0	1	8	2	2	12	0	1	6	0	5	2	5	6	0	3	3	3	0	3	1	0	0	7	0	62	1	11	4	2	0	2	0	3	3	9	1	0	1	1	1	8	1	0	1	1	1	2	0	1	2	1	1	1	1	3	5	3	3	1	0	2	3	1
"SERF2"	1	4	3	8	2	4	0	1	1	1	4	4	3	3	1	0	2	0	8	2	4	1	1	0	3	1	0	2	6	3	2	5	0	1	2	3	6	3	5	3	2	1	0	6	0	1	0	1	3	3	2	5	2	6	9	1	2	2	4	6	4	8	3	0	2	6	1	13	0	7	4	3	0	6	0	8	6	0	2	1	1	1	2	2	2	0	2	1	1	1
"RPL23"	0	7	4	2	0	2	3	2	0	1	8	3	2	3	0	1	2	0	10	2	3	1	4	6	3	2	3	4	5	5	1	6	2	3	4	1	3	5	0	0	5	5	2	6	0	6	4	1	7	2	3	4	0	5	1	2	1	3	2	1	4	2	2	6	2	1	3	3	4	3	4	5	2	2	0	1	2	3	2	3	1	1	7	5	0	2	3	7	2	2
"HLA.DPA1"	0	13	0	4	2	2	0	0	2	0	8	0	1	1	1	0	2	1	18	0	11	1	9	0	2	8	0	0	8	1	0	3	0	5	4	0	2	0	0	15	0	0	0	0	0	0	0	0	0	0	0	3	1	11	3	0	0	11	4	0	16	9	0	0	1	3	0	10	1	0	0	0	0	0	3	0	0	0	0	0	1	0	1	2	0	2	1	1	1	0
"SLC25A6"	1	4	3	4	0	2	1	0	2	1	10	4	4	5	2	0	2	0	5	2	4	0	3	2	4	0	0	4	11	4	4	8	1	1	8	2	5	3	1	3	0	3	2	2	1	4	1	3	2	4	4	4	1	10	7	3	2	3	2	4	9	3	2	5	1	1	2	8	2	1	1	2	2	0	2	1	1	2	2	0	1	2	1	8	1	2	1	5	3	5
"YBX1"	2	7	4	8	1	2	0	1	0	3	6	2	2	5	0	0	0	1	6	1	6	2	4	0	3	1	0	1	13	3	2	10	0	1	4	2	6	3	7	11	1	1	3	2	1	28	1	1	2	4	2	8	3	10	4	1	1	3	1	1	9	8	2	1	2	3	3	10	2	10	1	1	2	2	5	0	0	1	1	2	0	1	4	1	0	1	1	6	1	4
"HLA.DRB1"	0	10	0	11	0	1	2	0	0	1	2	0	0	2	0	0	1	0	8	0	16	3	5	0	1	6	0	0	5	0	0	6	1	2	4	0	6	0	3	7	0	1	0	0	0	0	0	2	0	3	1	5	0	16	7	0	0	8	3	0	11	11	0	0	0	1	0	9	0	0	0	0	0	1	0	0	0	0	8	0	0	0	4	4	1	1	0	1	1	0
"GLTSCR2"	2	3	5	3	3	1	2	2	3	0	4	3	5	2	0	0	1	1	2	4	3	1	2	1	0	0	1	2	4	5	3	0	1	1	3	0	2	5	3	2	6	6	5	4	5	4	1	1	4	0	3	2	0	3	6	7	3	4	1	1	2	1	1	5	1	0	5	3	2	6	7	2	2	1	0	0	0	4	1	3	2	1	2	1	5	1	3	0	5	1
"ARPC2"	4	4	1	4	4	3	0	2	1	12	6	0	1	2	3	1	0	0	5	0	16	0	2	0	2	4	2	0	10	1	2	11	1	0	2	3	2	1	3	7	1	3	1	2	0	2	2	1	0	2	0	12	1	6	3	1	1	4	2	1	7	8	0	3	0	4	0	4	1	4	1	2	3	9	0	1	4	2	1	1	3	1	2	1	2	0	1	5	1	1
"ATP5G2"	0	2	4	4	0	3	1	2	4	1	4	0	0	5	1	0	3	6	7	3	2	0	6	2	1	1	0	1	8	0	0	1	1	0	6	1	2	4	2	2	3	1	0	2	4	2	3	1	2	4	2	7	4	3	2	2	1	3	5	4	18	4	1	2	1	2	2	1	2	2	0	4	2	2	1	1	2	0	2	0	3	3	4	4	1	1	2	8	2	1
"MT.ATP6"	6	12	0	5	0	1	3	5	0	5	1	0	1	3	2	4	3	8	0	1	3	2	2	1	1	0	0	0	3	3	3	4	1	0	1	0	0	6	1	0	5	3	1	1	1	3	4	0	1	2	3	1	0	5	11	0	5	0	1	1	8	4	5	2	1	2	1	1	2	1	1	1	0	2	0	1	0	0	2	4	3	2	5	1	14	2	0	4	3	1
"EEF2"	1	6	1	1	1	1	1	4	1	0	3	1	1	2	0	1	2	2	1	2	5	1	0	2	3	5	0	4	4	4	0	3	1	1	2	1	0	2	1	3	2	2	2	1	20	4	1	1	2	1	2	3	0	3	3	1	5	5	1	4	4	1	2	2	1	1	1	3	5	2	1	4	1	0	2	0	3	3	2	1	2	2	1	2	3	2	2	1	4	18
"CD37"	2	7	2	3	0	0	1	2	2	0	4	43	0	4	0	1	1	0	11	2	8	3	8	0	3	2	1	0	1	2	0	3	0	6	4	3	3	3	2	1	3	4	0	3	2	0	2	2	4	2	0	3	0	3	3	3	2	9	2	2	5	2	3	0	0	2	0	4	1	0	4	1	3	1	4	1	0	1	1	0	0	4	1	0	2	2	2	1	4	3
"IFITM2"	1	2	1	7	0	1	2	1	2	8	2	3	2	1	0	3	0	0	8	4	3	0	3	0	1	0	0	0	6	0	8	8	1	0	1	1	1	1	0	11	1	3	2	2	1	0	0	1	1	2	0	21	0	12	15	0	0	0	1	7	3	0	2	0	3	3	0	10	0	1	0	3	3	0	0	1	2	0	1	2	0	1	0	1	0	2	0	0	0	1
"CORO1A"	0	5	6	3	0	2	2	1	2	3	4	1	1	1	0	0	1	0	1	1	2	1	1	0	4	3	2	2	4	2	4	5	2	1	0	2	5	2	4	4	0	4	1	3	0	2	2	3	2	1	4	5	0	3	7	1	2	3	2	4	6	2	0	0	2	3	1	1	0	3	3	0	2	5	0	1	1	3	1	1	3	2	3	1	1	0	0	1	2	3
"ARPC1B"	2	4	3	5	2	1	1	2	0	0	2	0	6	2	0	0	4	2	2	3	5	0	5	0	5	3	0	2	6	2	0	5	1	0	5	0	6	2	6	3	3	0	1	4	1	1	0	6	0	4	0	5	0	5	4	0	3	0	6	2	7	4	0	1	2	3	2	6	0	3	1	4	5	2	1	1	4	0	2	0	0	3	1	4	2	1	1	0	2	2
"AIF1"	0	1	0	15	0	0	0	0	0	5	0	0	0	2	0	0	4	0	10	0	0	0	0	0	7	0	0	0	10	0	0	14	0	0	5	0	7	0	1	25	2	0	0	1	0	0	0	1	0	8	2	13	2	18	20	0	0	0	8	0	12	6	1	2	0	5	0	20	0	0	2	0	1	0	0	0	0	0	0	0	0	0	7	3	0	3	0	2	0	0
"DDX5"	1	5	6	1	1	2	5	1	0	2	5	5	3	1	2	1	0	1	0	4	6	0	7	1	0	0	2	5	4	2	5	2	0	1	1	1	0	1	3	0	1	5	1	5	6	4	2	1	1	1	3	2	1	1	2	3	5	0	0	5	2	1	3	4	0	0	2	1	4	4	4	21	1	3	0	2	6	4	3	1	4	1	1	0	2	0	1	1	0	0
"LST1"	0	0	0	5	0	0	0	0	0	9	2	0	1	7	0	0	2	0	13	0	0	0	0	0	2	0	0	0	13	0	0	30	0	0	3	0	5	1	5	9	0	0	0	0	0	0	0	1	0	2	0	30	1	20	12	0	0	0	6	0	12	2	0	0	0	9	0	20	0	0	0	0	0	0	0	0	0	0	0	0	0	0	5	2	0	4	0	5	0	0
"ZFP36"	0	2	1	6	2	1	0	0	0	0	1	1	8	8	0	1	0	1	7	4	1	0	3	0	1	0	0	0	4	0	0	5	2	0	3	0	4	0	3	4	1	2	1	13	0	5	0	0	1	3	1	9	2	3	9	0	3	0	4	3	2	4	0	1	3	0	1	9	2	3	2	8	1	2	0	2	2	3	2	0	8	2	5	1	4	2	0	6	1	1
"RPL22"	1	3	1	2	0	0	0	1	0	0	3	2	2	1	1	2	0	2	4	1	6	4	4	0	1	2	1	4	2	7	3	2	1	1	2	1	0	4	2	1	6	1	2	4	3	6	1	1	8	1	7	2	1	4	1	4	2	2	1	7	2	2	5	1	1	1	4	2	0	2	6	3	4	0	1	0	1	4	3	4	2	1	4	0	0	1	5	0	4	3
"IL32"	0	0	14	0	0	7	1	3	2	0	0	3	2	0	5	2	0	4	0	5	3	0	0	0	0	0	0	2	1	2	3	1	1	0	0	8	0	4	0	0	4	7	6	13	4	1	2	6	0	0	1	0	0	0	0	3	3	0	0	8	0	0	3	0	0	0	0	0	7	3	0	6	6	0	0	3	8	3	0	4	2	2	0	1	5	0	4	0	0	0
"UBB"	2	4	3	1	0	1	1	2	0	1	0	0	0	2	0	0	3	2	5	4	8	0	3	1	0	1	0	4	6	3	1	5	1	0	1	2	1	3	1	1	2	5	4	2	1	0	4	2	3	0	1	0	1	2	1	0	2	1	1	4	1	3	1	3	2	2	3	5	2	2	1	4	4	3	1	2	3	1	4	0	1	1	1	1	1	1	2	3	1	1
"ITM2B"	3	1	2	1	0	5	3	1	1	1	0	0	1	1	1	1	0	1	1	5	1	64	2	0	1	2	0	4	4	4	3	1	1	0	6	2	3	2	2	0	2	0	0	4	2	3	1	2	2	2	1	0	1	3	6	1	1	2	0	3	6	4	1	1	2	4	0	5	5	3	4	2	1	2	0	1	4	3	1	1	2	2	7	1	2	0	3	0	1	2
"FCER1G"	0	0	0	7	1	0	0	0	0	5	0	0	0	2	0	0	0	0	9	2	0	0	0	0	2	0	1	0	13	0	0	13	0	0	1	0	6	0	4	11	0	4	0	0	0	0	0	0	0	4	0	13	2	13	16	0	0	0	3	0	7	8	0	0	4	12	0	55	0	0	0	0	0	4	0	0	4	0	0	0	0	0	5	0	0	3	2	0	0	0
"PPDPF"	0	4	1	3	1	3	3	1	2	1	4	0	2	4	0	1	1	1	3	6	2	1	2	2	0	2	3	2	2	4	2	4	0	0	2	4	4	0	2	1	1	1	2	1	1	2	3	2	1	0	4	5	0	8	4	2	5	2	3	3	0	4	3	5	0	2	2	3	2	4	0	2	4	0	2	0	1	4	0	1	1	1	1	5	2	1	2	1	7	3
"CCL5"	18	1	0	0	3	0	6	7	3	0	2	0	0	0	4	0	0	2	0	2	3	0	1	0	1	1	0	0	0	0	0	0	2	0	0	2	0	1	0	0	0	2	10	2	0	0	0	0	0	0	0	0	0	1	0	0	1	0	0	1	0	0	1	0	3	0	1	0	0	0	0	0	0	9	0	0	7	0	0	0	0	1	0	0	2	0	0	0	0	0
"CTSS"	0	4	1	3	0	1	0	0	0	1	3	0	0	7	0	0	0	1	11	0	1	0	2	1	3	1	1	0	7	2	2	10	0	0	15	1	7	1	4	10	0	1	1	1	2	1	1	1	0	2	0	15	2	35	12	1	2	1	2	1	13	6	1	1	0	1	1	10	0	0	1	1	0	0	0	0	0	0	1	0	0	1	4	1	1	2	0	4	2	1
"LAPTM5"	0	9	16	2	0	2	0	3	1	2	0	2	3	4	0	0	1	0	3	2	4	3	4	1	0	3	2	1	3	2	0	5	1	3	2	0	6	2	2	1	1	1	0	2	4	2	1	3	3	3	1	3	1	3	1	2	2	2	3	1	3	8	0	1	3	1	1	7	2	1	2	3	0	2	1	1	1	2	1	0	2	1	5	1	4	0	1	4	3	2
"EMP3"	1	4	3	5	0	1	1	1	0	5	1	0	1	1	0	0	1	1	11	3	14	0	5	0	2	2	1	0	2	1	2	8	0	0	3	0	4	2	2	12	0	1	1	3	1	3	0	2	1	2	0	5	2	17	0	1	3	0	2	1	4	4	1	1	2	4	0	3	0	0	0	2	4	2	1	1	3	1	1	2	1	1	1	2	0	1	0	1	0	0
"LDHB"	5	6	9	0	0	3	1	0	0	0	2	5	4	0	1	2	0	0	0	3	2	0	2	2	2	0	1	1	4	6	6	0	0	0	2	1	0	4	1	0	6	0	0	2	0	3	1	2	7	0	4	1	0	2	1	4	5	0	1	6	1	1	5	3	1	0	4	3	2	6	6	5	2	0	0	0	0	6	0	1	2	4	2	2	0	0	3	0	0	4
"S100A11"	0	0	1	7	0	2	1	0	0	4	1	0	2	5	0	0	2	1	15	0	1	0	0	0	5	0	0	0	5	0	1	5	0	1	3	0	4	0	1	14	0	1	2	3	2	0	0	0	2	2	0	7	0	10	10	0	1	1	2	2	5	13	0	0	1	4	0	8	1	0	0	3	0	1	0	1	1	0	1	0	2	0	4	1	0	6	1	6	1	0
"TSC22D3"	3	5	6	2	0	0	1	3	0	0	0	2	3	0	0	0	0	0	4	6	1	0	4	0	0	2	3	2	2	7	0	6	1	1	1	3	0	0	1	1	4	1	4	4	5	1	6	1	0	2	0	4	0	5	1	0	2	0	0	3	4	2	3	2	1	0	2	1	5	1	3	0	2	0	3	0	13	7	1	0	2	2	3	1	4	1	0	1	1	0
"SRGN"	0	2	4	2	0	0	2	2	1	2	0	0	2	1	0	0	1	1	9	1	1	0	1	0	1	0	0	0	4	0	0	5	0	0	3	0	9	0	5	4	0	3	2	0	2	1	0	1	0	7	0	7	1	11	8	1	0	0	2	1	7	48	0	0	4	4	1	19	0	0	1	1	1	6	0	0	7	0	0	0	1	0	3	5	4	0	0	2	1	0
"S100A10"	0	3	0	2	0	3	2	0	0	3	0	0	4	6	1	0	3	0	2	2	1	0	0	1	1	0	0	2	4	0	0	2	0	0	4	4	2	8	0	5	2	1	2	3	0	2	1	2	0	4	1	3	0	8	5	0	1	0	1	5	7	6	0	1	0	7	1	0	3	6	0	4	1	1	0	1	4	1	0	1	0	0	4	4	0	4	3	0	3	0
"LY6E"	0	2	1	2	0	0	2	1	0	0	4	1	6	5	1	1	0	0	5	1	1	0	0	1	1	1	0	1	10	0	10	12	0	0	2	0	4	0	1	3	1	2	1	5	0	1	2	1	1	3	0	7	0	9	2	0	0	1	3	0	2	11	1	0	0	2	2	20	1	5	0	1	0	0	2	0	0	0	0	0	2	0	0	1	1	3	2	3	4	1
"TOMM7"	1	1	1	4	0	3	0	2	0	1	2	4	2	1	3	0	1	1	7	1	4	0	3	1	2	1	1	3	5	15	2	4	2	0	2	1	1	2	2	0	7	0	2	3	9	2	0	2	4	3	4	3	1	2	0	0	2	0	0	2	6	1	2	3	0	0	1	1	1	0	4	1	6	0	0	1	3	5	2	0	2	3	0	3	1	0	2	3	1	0
"TXNIP"	1	0	1	2	2	0	1	3	1	0	0	3	1	1	0	0	0	2	6	2	3	2	1	0	2	0	0	2	2	5	1	5	0	0	1	2	1	1	1	2	2	1	1	1	1	0	2	0	0	1	3	4	1	0	0	1	1	2	0	4	1	7	4	0	0	0	1	1	2	3	1	5	2	4	0	1	3	3	1	0	2	1	1	2	2	1	3	0	1	1
"RPL36AL"	1	2	2	1	0	1	5	4	1	0	3	0	1	2	0	2	0	0	3	6	19	1	6	3	0	1	1	1	3	5	1	4	0	0	3	0	1	2	0	0	1	6	0	3	5	1	1	1	3	3	9	3	0	2	2	1	0	2	0	2	1	3	2	1	2	1	2	1	1	3	1	4	1	3	1	0	2	0	0	0	2	5	1	1	2	0	2	1	3	0
"TMEM66"	1	0	3	1	1	1	3	0	1	1	1	1	2	4	0	1	3	1	0	4	1	0	0	0	0	0	2	2	2	2	2	2	0	0	0	0	1	1	0	1	2	1	2	5	6	2	7	2	5	0	6	1	0	3	3	2	5	0	0	2	2	1	2	2	0	3	3	3	3	2	3	4	2	1	0	3	1	3	1	1	8	3	0	0	0	0	2	0	1	3
"EIF3K"	2	4	1	5	1	0	1	0	0	0	3	2	0	3	0	2	3	0	2	1	3	0	1	0	2	0	0	3	4	2	1	1	1	2	4	0	1	2	2	0	1	1	2	2	2	0	1	2	1	1	2	3	2	5	3	1	0	3	3	4	3	0	1	4	0	1	0	3	3	3	2	5	1	0	2	0	0	0	3	0	3	2	7	2	1	1	1	6	2	1
"FXYD5"	2	2	2	0	1	3	0	2	1	0	5	0	3	6	0	0	0	1	3	1	4	1	1	3	2	2	2	3	4	1	2	2	0	0	0	2	5	3	0	1	1	1	0	3	4	2	0	3	4	2	0	15	0	0	2	2	3	4	0	3	4	1	1	1	0	1	1	3	2	3	3	1	0	1	0	0	0	1	0	0	1	1	2	0	1	0	3	1	1	0
"SRP14"	1	5	5	2	0	1	0	0	0	2	1	1	2	3	0	2	0	2	2	2	2	1	2	0	2	2	0	1	0	1	4	4	0	0	1	3	1	2	0	3	2	1	2	5	3	0	3	1	4	2	2	3	0	7	2	0	0	3	1	0	3	6	4	3	0	3	1	3	1	2	2	3	3	1	0	1	5	1	0	1	0	2	2	0	2	0	1	2	1	1
"ATP5E"	0	1	2	2	0	2	0	1	0	1	2	0	1	2	1	1	2	2	3	2	2	0	1	1	1	1	1	1	5	1	2	5	2	0	1	0	3	1	2	2	3	3	4	1	0	1	1	2	1	4	1	2	0	2	2	3	1	2	3	0	3	5	1	1	1	4	1	5	1	0	3	4	5	0	1	4	1	4	2	1	1	2	4	2	1	1	2	1	2	5
"RPSAP58"	5	4	0	3	1	0	0	2	2	0	2	3	2	0	0	0	0	1	0	0	6	1	3	1	0	5	1	2	1	5	1	1	0	1	1	0	0	6	1	0	5	2	3	1	2	6	2	2	8	1	2	1	0	2	1	2	1	2	0	1	5	3	3	1	1	0	1	0	0	6	2	3	4	0	0	0	1	4	2	0	1	1	0	0	2	0	2	2	2	1
"PTPRCAP"	1	9	1	0	0	3	0	0	4	0	6	3	1	0	2	0	0	0	0	1	5	1	3	0	0	2	5	2	1	0	0	0	1	0	0	1	0	0	0	1	1	5	1	2	2	0	1	1	4	0	4	0	0	0	0	3	3	2	0	1	0	2	3	1	1	0	0	0	1	0	2	3	1	5	1	2	3	1	5	4	2	1	0	0	3	0	0	0	6	4
"PSAP"	0	0	2	6	0	0	0	2	0	4	0	0	1	4	0	0	3	0	9	0	0	0	1	0	1	1	0	1	3	0	0	8	0	0	6	0	4	0	1	3	1	1	2	0	2	0	0	0	1	2	0	9	1	21	5	0	1	1	1	0	4	11	1	1	0	5	0	11	0	1	0	0	1	1	0	0	0	0	0	0	0	0	1	5	0	6	0	4	0	0
"PSME1"	0	4	1	4	0	2	0	1	2	2	3	5	3	0	0	1	1	0	5	0	1	0	0	1	0	0	2	1	0	1	4	4	0	0	6	0	1	0	1	2	0	1	5	1	1	2	0	4	2	2	0	3	0	5	2	0	0	1	3	1	4	2	1	0	2	1	2	2	0	3	1	0	2	2	1	1	2	1	1	1	1	1	1	0	0	0	0	1	2	1
"SRSF5"	6	2	3	3	0	0	2	0	3	1	2	3	1	1	2	1	0	3	3	2	7	1	3	1	2	0	0	3	4	10	1	1	0	0	3	1	1	0	2	0	3	1	2	3	1	3	6	4	2	0	0	3	0	3	3	1	3	0	0	5	0	2	0	1	2	2	0	2	2	1	6	3	1	0	0	0	1	3	3	1	2	0	1	2	1	0	4	0	4	1
"ALDOA"	0	2	0	1	0	1	0	2	1	0	1	1	1	2	0	0	4	2	7	1	4	0	2	0	4	1	0	1	4	0	0	9	1	0	3	0	1	1	1	4	1	2	1	2	2	0	0	4	2	4	0	1	1	5	1	2	0	2	5	4	4	8	2	0	1	1	2	9	3	2	1	2	1	3	1	0	0	2	0	1	0	0	1	3	0	1	0	3	0	2
"EIF4A1"	1	1	0	4	0	0	0	1	0	0	0	0	0	2	8	0	3	2	5	2	4	0	2	0	1	0	0	1	5	2	0	2	0	0	3	1	2	1	5	2	1	1	1	2	0	1	2	3	2	6	1	1	3	2	3	1	4	2	2	1	7	10	1	1	1	6	0	0	2	2	0	2	2	1	0	0	1	2	0	0	1	0	0	0	1	0	3	4	0	0
"NEAT1"	2	3	2	0	0	1	1	0	0	2	1	2	0	2	0	0	2	0	3	2	0	0	1	1	4	1	1	1	6	1	4	3	0	0	10	1	3	1	3	7	0	0	0	1	1	0	0	1	4	7	3	8	1	6	8	0	0	1	2	1	5	4	0	1	0	1	2	2	1	0	1	0	2	0	1	4	2	2	0	1	1	1	3	1	1	2	2	2	2	0
"PPIA"	1	3	1	3	3	0	1	1	0	0	2	0	0	2	1	1	0	1	3	2	4	0	2	0	1	1	2	0	0	3	1	0	0	0	2	0	0	2	2	4	0	1	1	6	2	3	1	3	0	4	4	1	0	5	2	1	1	3	1	1	0	5	4	3	0	2	1	2	1	2	1	4	0	0	0	2	3	1	2	0	0	0	3	2	1	0	1	0	2	0
"CALM1"	1	2	3	0	0	0	0	7	0	0	2	3	2	4	0	3	1	2	0	1	2	0	1	0	0	24	0	1	2	2	2	2	2	0	0	2	1	1	0	4	1	1	0	2	0	1	1	2	1	1	1	0	0	1	3	1	4	0	0	4	2	6	0	2	1	1	0	3	2	3	1	4	3	6	0	0	2	2	1	0	0	0	1	0	1	2	2	0	0	1
"ANXA1"	0	0	0	0	1	2	3	2	1	3	0	0	3	2	2	1	1	1	1	1	3	0	0	0	5	0	0	0	3	1	4	5	1	0	0	0	1	5	0	2	0	0	1	1	1	5	0	0	3	2	1	2	0	8	3	1	0	1	2	3	1	1	0	1	1	2	0	2	3	4	2	0	1	0	0	4	1	2	0	1	1	0	1	1	3	3	4	1	0	0
"KLF6"	6	3	4	2	0	1	1	2	1	0	1	0	1	2	0	0	0	0	7	2	3	0	5	1	3	1	1	0	2	2	3	2	4	0	2	0	2	0	0	3	0	6	0	2	0	0	0	5	1	2	0	1	2	2	0	5	1	0	1	3	6	6	0	0	4	1	0	5	1	3	2	3	5	1	0	0	2	1	0	0	0	1	3	1	2	3	4	5	3	0
"GMFG"	0	2	4	1	0	0	0	0	0	2	2	3	1	13	0	0	2	0	2	7	0	0	4	0	1	1	0	2	4	2	2	2	0	0	2	1	0	1	2	5	0	1	2	0	2	2	1	1	0	0	0	7	0	5	5	1	4	1	0	2	1	0	0	0	1	1	1	0	0	4	4	0	0	1	0	2	1	1	0	0	1	1	3	5	1	0	1	2	1	0
"GNLY"	0	0	1	0	3	0	5	0	1	0	0	0	0	1	0	0	0	0	0	1	1	0	2	0	0	1	0	0	0	0	0	0	0	0	0	0	0	0	0	0	0	47	1	0	0	0	0	0	0	0	0	0	0	0	0	0	0	1	0	0	0	0	0	0	10	0	0	1	0	0	0	0	0	43	0	1	11	0	0	0	0	0	1	0	0	0	1	0	0	1
"CLIC1"	0	5	3	0	3	0	1	1	1	0	1	0	1	2	1	0	0	3	6	0	0	0	2	0	3	3	0	1	4	0	2	6	1	0	2	0	7	0	0	5	0	1	0	5	0	0	0	2	0	3	1	4	0	7	1	1	0	1	1	0	5	3	0	0	3	2	0	6	0	0	1	1	4	2	0	0	3	0	1	0	1	1	1	1	1	1	2	3	3	0
